adj_values:0.348, 0.376, 0.454, 0.416, 0.444, 0.503, 0.435, 0.498, 0.477, 0.520, 0.522, 0.516, 0.543, 0.477, 0.540, 0.538, 0.535
combine_values:0.319, 0.291, 0.222, 0.237, 0.227, 0.213, 0.229, 0.221, 0.228, 0.203, 0.198, 0.224, 0.217, 0.250, 0.221, 0.226, 0.240
ripple_values:0.332, 0.33313724398612976, 0.3234226405620575, 0.34748971462249756, 0.328853964805603, 0.284557580947876, 0.33631637692451477, 0.2905288338661194, 0.2941259741783142, 0.2764241397380829, 0.22958892583847046, 0.2606718838214874, 0.23991870880126953, 0.27229830622673035, 0.23839347064495087, 0.2354101687669754, 0.2350444495677948